4294967279,94
4294967279,93
4294967279,92
4294967279,91
4294967279,90
4294967279,89
4294967279,87
4294967279,86
4294967279,85
4294967279,84
4294967279,83
4294967279,82
4294967279,81
4294967279,80
4294967279,79
4294967279,78
4294967279,77
4294967279,76
4294967278,268
4294967278,17
4294967278,16
4294967278,15
4294967278,13
4294967278,12
4294967278,10
4294967278,6
4294967279,132
4294967279,130
4294967279,129
4294967279,126
4294967279,122
4294967279,118
4294967279,241
4294967279,333
4294967279,114
4294967279,113
4294967279,235
4294967279,112
4294967279,111
4294967279,231
4294967279,110
4294967279,229
4294967279,109
4294967279,227
4294967279,108
4294967279,107
4294967279,106
4294967279,105
4294967279,219
4294967279,104
4294967279,103
4294967279,102
4294967279,101
4294967279,100
4294967279,99
4294967279,98
4294967279,97
4294967279,96
4294967279,95
4294967278,14
4294967278,314
4294967279,284
4294967278,266
4294967279,311
4294967278,11
4294967278,311
4294967278,575
4294967278,9
4294967278,263
4294967279,310
4294967278,8
4294967278,282
4294967278,261
4294967278,574
4294967278,7
64,6
4294967279,343
4294967278,5
4294967278,283
4294967278,258
4294967279,257
4294967278,573
4294967278,4
63,6
4294967279,342
4294967279,379
4294967279,131
4294967278,572
4294967278,571
4294967279,341
55,0
55,6
4294967279,127
4294967279,337
4294967278,256
4294967279,128
4294967279,339
4294967279,253
55,5
4294967279,378
4294967279,125
4294967279,252
4294967278,531
4294967279,377
4294967279,124
4294967279,251
4294967279,376
4294967279,123
61,6
4294967278,251
4294967279,119
4294967279,121
4294967279,334
4294967279,249
4294967278,249
4294967279,375
4294967279,120
4294967279,246
4294967279,247
60,6
4294967279,243
4294967278,243
4294967279,115
4294967279,117
4294967279,242
4294967279,116
59,6
54,5
4294967294,407
4294967294,403
4294967294,420
4294967294,916
4294967294,457
4294967294,175
4294967294,113
4294967294,111
4294967294,169
4294967278,226
58,6
4294967278,222
64,5
4294967278,220
64,4
64,3
64,2
64,1
4294967278,218
4294967278,216
4294967278,214
63,5
4294967279,374
63,4
4294967278,213
63,3
63,2
63,1
4294967278,570
4294967278,211
62,4
4294967278,210
62,3
62,2
62,1
4294967278,569
4294967278,209
4294967294,1415
4294967278,208
61,5
4294967278,207
61,4
61,3
61,2
61,1
4294967279,373
4294967278,205
4294967278,204
60,5
60,4
60,3
60,2
60,1
4294967278,202
4294967278,201
59,5
4294967278,200
59,4
59,3
59,2
59,1
4294967278,198
4294967278,197
58,5
58,4
58,3
58,2
58,1
57,4
4294967278,193
57,3
57,2
57,1
4294967278,191
56,4
56,3
56,2
56,1
4294967278,189
4294967278,188
55,4
55,3
55,2
55,1
4294967278,519
4294967294,430
4294967278,186
4294967278,185
54,4
4294967278,184
54,3
54,2
54,1
4294967278,518
4294967278,183
4294967279,306
4294967279,322
4294967279,305
4294967279,304
4294967279,303
4294967278,515
4294967279,321
4294967278,304
4294967279,302
4294967279,301
4294967278,514
4294967278,303
4294967279,320
4294967279,299
4294967278,300
4294967278,169
4294967278,301
4294967279,298
4294967278,25
4294967278,24
4294967278,23
4294967278,22
4294967278,21
4294967278,20
4294967278,19
4294967278,18
4294967278,299
4294967279,372
4294967278,167
4294967278,54
4294967278,52
4294967278,48
4294967278,44
4294967278,43
4294967278,42
4294967278,288
4294967278,41
4294967278,40
4294967278,39
4294967278,38
4294967278,287
4294967278,37
4294967278,36
4294967278,35
4294967278,34
4294967278,547
4294967278,33
4294967278,32
4294967278,31
4294967278,30
4294967278,544
4294967278,29
4294967278,28
4294967278,27
4294967278,26
4294967279,67
4294967279,65
4294967279,64
4294967279,63
4294967279,61
4294967279,60
4294967279,58
4294967279,57
4294967279,56
4294967279,55
4294967279,53
4294967279,49
4294967279,45
4294967279,43
4294967279,42
4294967279,27
4294967279,19
4294967279,16
4294967279,14
4294967279,13
4294967279,10
4294967279,168
4294967279,54
4294967279,296
4294967278,53
4294967278,297
4294967279,371
4294967279,52
4294967278,49
4294967278,568
4294967278,51
4294967278,163
4294967278,292
4294967278,289
4294967278,290
4294967279,51
4294967279,295
4294967278,50
4294967278,295
4294967278,161
4294967278,294
53,6
4294967279,370
4294967278,45
4294967278,291
4294967278,157
4294967278,47
4294967278,550
4294967278,159
4294967279,47
4294967279,293
4294967278,46
4294967279,159
52,6
4294967279,156
44,0
44,6
4294967294,395
4294967294,422
4294967294,922
4294967294,183
4294967294,384
4294967294,167
4294967294,168
4294967294,406
4294967294,460
4294967294,386
4294967294,109
4294967294,115
4294967279,351
4294967279,369
4294967279,40
44,5
4294967278,567
4294967279,38
4294967279,350
4294967279,349
4294967279,148
4294967279,368
4294967279,36
50,6
4294967278,566
4294967279,32
4294967279,34
4294967279,290
4294967279,348
4294967279,144
4294967279,314
49,6
4294967279,346
4294967279,142
4294967279,29
4294967279,345
4294967279,140
4294967279,367
48,6
4294967279,25
4294967278,565
4294967279,138
4294967279,344
43,5
4294967279,21
4294967279,366
4294967279,23
4294967279,135
4294967279,134
4294967279,273
47,6
4294967279,17
4294967279,287
4294967279,286
53,5
53,4
4294967279,280
53,2
53,1
4294967279,285
4294967279,270
4294967279,269
52,5
4294967279,268
52,4
52,3
52,2
52,1
4294967279,267
4294967279,283
